20.00 82.944
20.36 82.936
20.73 82.928
21.11 82.920
21.50 82.912
21.89 82.904
22.29 82.896
22.69 82.888
23.10 82.879
23.52 82.870
23.95 82.861
24.39 82.852
24.83 82.842
25.28 82.832
25.74 82.822
26.21 82.811
26.69 82.800
27.18 82.789
27.67 82.777
28.17 82.765
28.69 82.752
29.21 82.739
29.74 82.725
30.28 82.711
30.83 82.696
31.39 82.681
31.97 82.665
32.55 82.649
33.14 82.632
33.74 82.615
34.36 82.597
34.98 82.578
35.62 82.559
36.27 82.539
36.93 82.519
37.60 82.498
38.28 82.476
38.98 82.453
39.69 82.430
40.41 82.405
41.15 82.380
41.90 82.354
42.66 82.328
43.44 82.300
44.23 82.272
45.03 82.242
45.85 82.212
46.68 82.181
47.53 82.148
48.40 82.115
49.28 82.081
50.18 82.045
51.09 82.009
52.02 81.971
52.97 81.932
53.93 81.892
54.91 81.851
55.91 81.808
56.93 81.765
57.97 81.720
59.02 81.673
60.09 81.626
61.19 81.577
62.30 81.527
63.44 81.475
64.59 81.422
65.77 81.367
66.96 81.311
68.18 81.253
69.42 81.194
70.69 81.133
71.97 81.071
73.28 81.007
74.62 80.942
75.97 80.875
77.36 80.806
78.76 80.735
80.20 80.663
81.66 80.590
83.14 80.514
84.66 80.438
86.20 80.359
87.77 80.279
89.36 80.198
90.99 80.115
92.65 80.031
94.33 79.946
96.05 79.860
97.80 79.773
99.58 79.686
101.39 79.598
103.23 79.509
105.11 79.421
107.03 79.332
108.97 79.242
110.96 79.152
112.98 79.061
115.03 78.969
117.13 78.875
119.26 78.780
121.43 78.683
123.64 78.585
125.89 78.487
128.18 78.387
130.51 78.288
132.89 78.188
135.31 78.089
137.77 77.990
140.28 77.892
142.83 77.793
145.43 77.695
148.07 77.597
150.77 77.499
153.51 77.402
156.31 77.306
159.15 77.211
162.05 77.117
165.00 77.024
168.00 76.931
171.06 76.839
174.17 76.748
177.34 76.658
180.57 76.568
183.86 76.479
187.20 76.391
190.61 76.304
194.08 76.217
197.61 76.131
201.21 76.046
204.87 75.963
208.60 75.880
212.39 75.798
216.26 75.717
220.19 75.638
224.20 75.560
228.28 75.483
232.44 75.409
236.67 75.335
240.97 75.264
245.36 75.194
249.82 75.126
254.37 75.061
259.00 74.997
263.71 74.935
268.51 74.875
273.40 74.816
278.38 74.759
283.44 74.702
288.60 74.647
293.85 74.592
299.20 74.537
304.65 74.483
310.19 74.429
315.84 74.376
321.59 74.323
327.44 74.271
333.40 74.219
339.47 74.168
345.64 74.118
351.93 74.069
358.34 74.023
364.86 73.980
371.50 73.940
378.26 73.905
385.15 73.875
392.16 73.850
399.29 73.832
406.56 73.822
413.96 73.820
421.49 73.825
429.16 73.837
436.97 73.854
444.93 73.876
453.02 73.900
461.27 73.926
469.66 73.952
478.21 73.978
486.91 74.002
495.78 74.026
504.80 74.048
513.99 74.068
523.34 74.087
532.87 74.106
542.56 74.125
552.44 74.145
562.49 74.167
572.73 74.190
583.15 74.215
593.77 74.241
604.57 74.268
615.57 74.295
626.78 74.323
638.18 74.351
649.80 74.381
661.63 74.412
673.67 74.444
685.93 74.477
698.41 74.511
711.12 74.544
724.06 74.577
737.24 74.610
750.66 74.641
764.32 74.671
778.23 74.699
792.39 74.723
806.82 74.743
821.50 74.760
836.45 74.774
851.67 74.786
867.17 74.798
882.96 74.811
899.02 74.826
915.39 74.843
932.05 74.865
949.01 74.890
966.28 74.921
983.87 74.959
1001.77 75.004
1020.00 75.059
1038.57 75.122
1057.47 75.193
1076.71 75.270
1096.31 75.353
1116.26 75.439
1136.58 75.526
1157.26 75.615
1178.32 75.706
1199.77 75.799
1221.60 75.896
1243.84 75.998
1266.47 76.103
1289.52 76.210
1312.99 76.318
1336.89 76.424
1361.22 76.528
1385.99 76.629
1411.22 76.729
1436.90 76.827
1463.05 76.924
1489.68 77.024
1516.79 77.127
1544.40 77.238
1572.50 77.360
1601.12 77.495
1630.26 77.643
1659.93 77.804
1690.14 77.976
1720.90 78.156
1752.22 78.343
1784.11 78.532
1816.58 78.723
1849.64 78.913
1883.30 79.100
1917.58 79.283
1952.48 79.460
1988.01 79.631
2024.19 79.796
2061.03 79.958
2098.54 80.122
2136.73 80.296
2175.62 80.483
2215.22 80.686
2255.53 80.903
2296.58 81.130
2338.38 81.360
2380.94 81.587
2424.27 81.803
2468.39 82.004
2513.31 82.183
2559.05 82.334
2605.63 82.454
2653.05 82.543
2701.33 82.609
2750.50 82.663
2800.55 82.714
2851.52 82.767
2903.42 82.827
2956.26 82.892
3010.06 82.960
3064.85 83.025
3120.62 83.081
3177.42 83.121
3235.25 83.139
3294.13 83.134
3354.08 83.110
3415.12 83.076
3477.27 83.039
3540.56 83.001
3605.00 82.962
3670.60 82.918
3737.41 82.869
3805.43 82.814
3874.68 82.753
3945.20 82.687
4017.00 82.618
4090.11 82.544
4164.55 82.463
4240.34 82.377
4317.51 82.283
4396.09 82.185
4476.10 82.088
4557.56 81.996
4640.50 81.909
4724.96 81.825
4810.95 81.746
4898.51 81.679
4987.66 81.629
5078.43 81.599
5170.86 81.584
5264.97 81.574
5360.79 81.562
5458.35 81.547
5557.69 81.527
5658.84 81.503
5761.82 81.477
5866.69 81.453
5973.46 81.435
6082.17 81.427
6192.87 81.432
6305.57 81.448
6420.33 81.468
6537.18 81.484
6656.15 81.494
6777.29 81.501
6900.63 81.512
7026.22 81.531
7154.10 81.556
7284.30 81.580
7416.87 81.600
7551.85 81.617
7689.29 81.633
7829.23 81.639
7971.72 81.613
8116.80 81.537
8264.53 81.410
8414.94 81.247
8568.09 81.067
8724.02 80.882
8882.79 80.701
9044.46 80.532
9209.06 80.379
9376.66 80.235
9547.31 80.090
9721.07 79.937
9897.99 79.774
10078.13 79.603
10261.55 79.425
10448.30 79.239
10638.45 79.040
10832.07 78.827
11029.21 78.608
11229.94 78.386
11434.32 78.164
11642.41 77.943
11854.30 77.723
12070.04 77.502
12289.71 77.274
12513.38 77.034
12741.12 76.779
12973.00 76.517
13209.10 76.262
13449.50 76.023
13694.28 75.803
13943.51 75.590
14197.27 75.372
14455.66 75.149
14718.74 74.921
14986.62 74.693
15259.37 74.464
15537.08 74.236
15819.85 74.007
16107.76 73.778
16400.92 73.548
16699.41 73.318
17003.33 73.088
17312.78 72.858
17627.86 72.628
17948.68 72.399
18275.34 72.167
18607.94 71.927
18946.60 71.674
19291.42 71.413
19642.52 71.168
20000.00 70.956